.Random.seed <-
c(403L, 10L, 1213429726L, -371248087L, 1842910171L, -654505750L, 
-731330932L, 1532967375L, 367963525L, 1495356988L, 1744681746L, 
-113567731L, -1890735289L, 849461550L, -1987204984L, 1774628235L, 
-1604676247L, -546719944L, -526108186L, -1077281407L, 1621733651L, 
726142658L, 600254836L, -329232009L, 1610859117L, 1275776260L, 
1667917866L, -1337514603L, 152914479L, -1449257162L, -1339095200L, 
527207843L, -1449236799L, 2073747120L, 500423118L, -369136327L, 
857129291L, 1228260090L, -261794820L, 1985336383L, 861302037L, 
1871205932L, -1090438398L, 1147693021L, 1613943511L, -1907495490L, 
-612415496L, -1117928485L, -288211399L, -247986296L, -175990986L, 
-662420111L, 947388323L, -1099667726L, 1200180804L, -1879502585L, 
-758585123L, -486146604L, -1563193094L, -1183881147L, -1691471713L, 
1760606758L, 2098523824L, 1843630931L, -805486991L, -1259191392L, 
-600161474L, 8317513L, -694927621L, -659562806L, -1595572180L, 
-1653295057L, -2118465307L, -1118543460L, 1628154866L, 53720685L, 
446497703L, -1939563058L, -1929225432L, -554045141L, 2001152841L, 
295399512L, -405871354L, 1844048097L, 832440435L, -1791417118L, 
1301730388L, -923707049L, -1737459379L, 935943396L, 656212170L, 
2019700021L, -1198881905L, -805259114L, -129226688L, 1192726787L, 
-846381791L, -1509560816L, -1790427666L, -2090421863L, 445120043L, 
715081498L, 54230492L, 2061755359L, -1407351883L, 1383193932L, 
-994698334L, -274132227L, 1166363639L, 1203377438L, 1784666072L, 
1747831099L, 1897742041L, 582275688L, 1628304278L, -1490413807L, 
35827907L, 1010225362L, -1117203100L, -1464612697L, -1258570243L, 
-170541068L, 82159834L, 19114533L, 553576255L, -1493023546L, 
1571813712L, -2123265677L, 1131475857L, 385598912L, -273596514L, 
-251944599L, 252088731L, 1479935146L, 1498456780L, -1209291889L, 
2022084549L, 314946428L, -87036974L, -1344091315L, -178923001L, 
450103790L, -939088696L, 935947211L, -1348927959L, -1762773896L, 
346124710L, 114217921L, 267255891L, 1977902850L, 546050612L, 
-693745737L, 677820333L, 2136040644L, 1596614890L, -2123927723L, 
-524394257L, -716593418L, -1100795360L, -1075750941L, -1167025023L, 
-2066720016L, 1941254542L, 415112953L, 1137544331L, 1885107386L, 
-1799622724L, -581374721L, -2010849195L, -1652313236L, 311880642L, 
557063197L, 660290711L, -98313730L, 906672568L, 1533228443L, 
-1191388167L, 587776840L, 2031914614L, -1838282831L, 1272781283L, 
-1389891918L, 184926980L, -992272313L, 494167837L, 984571284L, 
-694951622L, -1048699515L, 473871967L, -650207002L, 2057855856L, 
-739507053L, -1821318863L, 863479776L, -751367042L, 944520969L, 
-1538268869L, -1881897718L, -962503444L, -977114769L, -1151275355L, 
680534108L, -112314318L, 1807126317L, 139804135L, 2117927182L, 
1983129320L, 87238891L, -1311594103L, -1937008360L, -317191098L, 
-682978143L, -1800455373L, 961774242L, -1637893740L, -1083627497L, 
1829507085L, 202921252L, -1968983798L, 1202415733L, 1669407695L, 
-1626417962L, -1093843840L, -97813821L, -768211871L, 369435856L, 
522130990L, -198064167L, -10835989L, 1515650828L, 266649308L, 
503099218L, 1633015424L, -526018476L, -682990616L, 221440762L, 
-1616095920L, 1545158444L, 1958781812L, -1500257390L, -1306439072L, 
-1226180724L, -1946593440L, -463141918L, 1048222632L, -1845523252L, 
84703740L, 721967026L, -1648597520L, 1129547204L, 636213592L, 
2078969210L, -722600528L, 1439736764L, 852373588L, 139399106L, 
1925881888L, -405802820L, -973301168L, -512112670L, -413155736L, 
884256332L, 278499580L, 743331826L, -1603508992L, -1775983756L, 
-1009655800L, 1735971258L, -214950448L, -107195412L, -1372599404L, 
391568338L, 1875912544L, -73858740L, 1961144608L, -913641598L, 
2125580008L, -1079191316L, 292746812L, 1029583730L, 701265520L, 
1551623204L, 1219030840L, -139528038L, 1272508112L, -2020455236L, 
1783966356L, -401923454L, -1722814272L, 1347757372L, -1803994992L, 
-729704926L, 306770440L, -1859126004L, -902462820L, -507300334L, 
1151965568L, -406726124L, 781524520L, -938344134L, 1007954896L, 
1085673068L, -1847614668L, 1385947794L, 1028334944L, -1507631796L, 
2061005792L, 1960546210L, -181846104L, -886200436L, -1979315524L, 
1495253874L, 504236272L, 958551108L, 1323480408L, -251654086L, 
-484994192L, 530269244L, -1198445804L, -1253018174L, 607005920L, 
-2074255492L, -1436965168L, -168854878L, 1423619112L, -1460379380L, 
1191304124L, 19688754L, -2107512896L, 1406920244L, -1538985016L, 
-544478022L, -1454317680L, -272162324L, 1968047188L, 1029151378L, 
-664114400L, 1734298060L, -1094917152L, 365571778L, -2020071896L, 
606830252L, 476556988L, 1041715698L, -235163344L, -2110850908L, 
1493047992L, -2119178406L, 991108496L, 491892092L, -1489180396L, 
293672258L, 726168320L, 1939080124L, 1422447440L, 487886114L, 
-529991352L, -38376436L, 1264403548L, 988062930L, -1726163968L, 
1806833492L, 1455372776L, 1254433786L, -673045808L, -315896532L, 
675702004L, -1719270510L, -2103806880L, -478697204L, -96525600L, 
-749933214L, 1107281576L, 1074093644L, -1844108420L, 54267698L, 
-759960976L, 1721737540L, 519935960L, 1413174394L, -641627600L, 
417167036L, 1403811668L, -1533123006L, 954742688L, -1647418180L, 
1396285904L, -935341726L, 58724328L, 1159173068L, -1525815556L, 
1984652274L, -805622656L, -2043852556L, 876265608L, -1009229510L, 
700336976L, 1674870892L, -982860652L, 1783547218L, 824601312L, 
1465183436L, -1707158368L, -1683786366L, -1477081880L, 169125100L, 
959141948L, 658459762L, 1896397936L, 42783268L, 1947387448L, 
179135002L, -2135520048L, -823628228L, 676100244L, 771327106L, 
751035328L, 150595900L, 1937321616L, -308390878L, -753606648L, 
-1123203956L, -1575601124L, -194371438L, 1281793152L, -1916195820L, 
1033754408L, -1771306950L, -1686062896L, -285855636L, -308853068L, 
1089473554L, -1494039584L, 159405004L, -1096599072L, -1483257822L, 
294997288L, -1595510516L, 1345532476L, -1604482830L, -1923052304L, 
-565313724L, 1701502040L, 1780330042L, -620365584L, -1127291204L, 
-1541758444L, 1325421762L, 1807915616L, -656813700L, 53882064L, 
-1489457118L, -12757848L, 241521036L, 285860284L, -32502734L, 
-1140789738L, 555789428L, -1100388603L, 110437711L, 1813944136L, 
-700801306L, -178782189L, -1960716427L, -503081134L, 2040516512L, 
1163901577L, -1955332421L, 1765264652L, -1563791206L, 60098063L, 
2113253977L, 4321006L, 1394027900L, -642920979L, -1293391209L, 
-1608211104L, 1192468798L, -174478837L, -122212723L, -127249478L, 
1915505144L, -26045023L, 431090515L, 516162164L, -890108926L, 
1398900375L, -1377955743L, -2146710362L, 344726692L, -587252395L, 
-1811352065L, 801643672L, -112678474L, -2125671869L, -655689851L, 
102503458L, -379259120L, -1417133383L, 964835179L, 2013517404L, 
1790352266L, 1310888831L, 1139965641L, 1360099166L, 2137181196L, 
-1804235811L, 1915195111L, -715133168L, 1038097966L, 2115724507L, 
612870589L, 1405306666L, 284303304L, 1542780145L, -2041607581L, 
-1654460828L, -1076202094L, 69657191L, 1629370929L, 80050038L, 
-2097324908L, 585347749L, 904552367L, 340556904L, 1271525446L, 
1089353203L, 864895317L, -1418284238L, -239319296L, -312790039L, 
1616588379L, 1586368684L, 668989114L, -873044881L, -105553415L, 
980923534L, -1436877476L, -620778035L, 539717943L, -2066580544L, 
1416131742L, 649238891L, -1702018835L, -1748723366L, -102768104L, 
956325761L, 1447324979L, 1528070996L, -339872414L, 1127138807L, 
495930945L, 1610943174L, 2001460228L, -314549323L, -1597279073L, 
-1247706888L, -1650255658L, 373723491L, -276439771L, 2057620162L, 
886794160L, -1698120743L, -80546485L, -1841646660L, -1807492118L, 
-796853217L, -440583511L, -1417105858L, 1728717612L, -748335747L, 
-1665719353L, 664367792L, 1293414606L, 252307963L, 1846176349L, 
-333560438L, -537272920L, -421698799L, 1171051011L, -1208376060L, 
380985650L, -1761284217L, -1067205167L, 614756182L, 794316084L, 
-1056521147L, -336057201L, -1472992760L, 1356400166L, -1021239597L, 
-914649035L, 1982701458L, 562945888L, 1823541961L, -1502757381L, 
54217164L, -639999910L, 1878506831L, 1972778009L, -707347922L, 
-776415172L, -1721709139L, -1273057705L, -154427488L, 510655742L, 
